0 3.99 6.3 5.74 6.63 8.12 8.81 9.93 8.84 8.25 4.85 4.72 5.78 5.58 7.23 8.48 8.22 6.96 4.92 2.61 1.85
3.99 0 2.97 4.85 5.68 7.29 8.12 8.78 8.94 7.76 4.26 4.03 3.1 4.69 8.48 8.32 7.95 7.85 4.69 2.31 2.64
6.3 2.97 0 2.44 3.13 6.33 7.65 8.38 8.05 6.7 5.08 2.34 2.48 4.42  8.58 8.51 7.03 5.08 3.6 4.39
5.74 4.85 2.44 0 1.02 4.06 5.11 6.07 6.24 5.18 2.67 1.15 2.24 2.21 5.28 6.93 7.62 5.35 3.93 3.36 3.99
6.63 5.68 3.13 1.02 0 3.6 4.95 5.74 5.12 5.38 2.18 1.52 1.95 2.05 4.36 6.07 6.2 4.88 4.19 3.17 5.51
8.12 7.29 6.33 4.06 3.6 0 1.32 2.14 2.21 1.78 3.1 4.52 4.92 2.44 1.88 3.37 3.7 3.53 4.39 5.21 6.1
8.81 8.12 7.65 5.11 4.95 1.32 0 1.52 2.57 1.32 4.16 5.15 7.72 3.4 3.27 3.2 3.6 4.36 5.18 6.17 7.36
9.93 8.78 8.38 6.07 5.74 2.14 1.52 0 0.96 1.88 4.19 6.93 6.43 3.73 2.48 2.41 3.7 3.89 5.74 7.29 7.69
8.84 8.94 8.05 6.24 5.12 2.21 2.57 0.96 0 1.58 4.26 5.94 6.63 4.16 2.15 2.47 2.31 3.6 5.05 6.63 7.82
8.25 7.76 6.7 5.18 5.38 1.78 1.32 1.88 1.58 0 2.87 5.35 4.82 2.38 1.98 2.47 2.47 3.27 3.47 5.28 5.84
4.85 4.26 5.08 2.67 2.18 3.1 4.16 4.19 4.26 2.87 0 3.1 3.2 1.88 3.17 4.13 4.36 3.1 1.75 2.41 3.76
4.72 4.03 2.34 1.15 1.52 4.52 5.15 6.93 5.94 5.35 3.1 0 0.99 3.3 5.18 6.44 7.03 5.87 3.5 2.38 4.16
5.78 3.1 2.48 2.24 1.95 4.92 7.72 6.43 6.63 4.82 3.2 0.99 0 2.9 4.98 6.44 6.47 4.98 3.07 2.01 2.41
5.58 4.69 4.42 2.21 2.05 2.44 3.4 3.73 4.16 2.38 1.88 3.3 2.9 0 4.19 4.92 4.92 4.03 2.57 2.94 3.99
7.23 8.48  5.28 4.36 1.88 3.27 2.48 2.15 1.98 3.17 5.18 4.98 4.19 0 1.81 2.24 1.72 2.87 4.72 5.31
8.48 8.32 8.58 6.93 6.07 3.37 3.2 2.41 2.47 2.47 4.13 6.44 6.44 4.92 1.81 0 0.99 2.05 4.12 6.1 7.19
8.22 7.95 8.51 7.62 6.2 3.7 3.6 3.7 2.31 2.47 4.36 7.03 6.47 4.92 2.24 0.99 0 1.62 4.22 5.91 6.3
6.96 7.85 7.03 5.35 4.88 3.53 4.36 3.89 3.6 3.27 3.1 5.87 4.98 4.03 1.72 2.05 1.62 0 3.07 5.91 6.3
4.92 4.69 5.08 3.93 4.19 4.39 5.18 5.74 5.05 3.47 1.75 3.5 3.07 2.57 2.87 4.12 4.22 3.07 0 2.57 3.37
2.61 2.31 3.6 3.36 3.17 5.21 6.17 7.29 6.63 5.28 2.41 2.38 2.01 2.94 4.72 6.1 5.91 5.91 2.57 0 3.53
1.85 2.64 4.39 3.99 5.51 6.1 7.36 7.69 7.82 5.84 3.76 4.16 2.41 3.99 5.31 7.19 6.3 6.3 3.37 3.53 0

